120000883177
120001128483
120002630509
120003389059
120004217778
120005970958
120006436320
120007322882
120008780835
120009755315
120010706442
120011271908
120012269905
120013615434
120014349577
120015215590
120016717504
120017525503
120018799013
120019511375
120020588196
120021715223
120022731975
120023197819
120024179854
120025152275
120026467547
120027188512
120028597908
120029958402
120030157574
120031272491
120032966532
120033108005
120034329282
120035431139
120036687949
120037725135
120038089360
120039805002
120040106211
120041292739
120042539999
120043287858
120044839337
120045139980
120046477247
120047477856
120048689492
120049045376
120050847564
120051423989
120052847026
120053129227
120054419977
120055795663
120056448121
120057405773
120058510897
120059340694
120060730081
120061496911
120062098563
120063568373
120064581837
120065071570
120066954430
120067599134
120068421473
120069642453
120070855159
120071077941
120072156236
120073461870
120074824983
120075577487
120076084216
120077195325
120078732392
120079943458
120080214045
120081551003
120082120662
120083426669
120084588462
120085069956
120086739304
120087465326
120088748686
120089797548
120090474392
120091997920
120092161279
120093036463
120094001750
120095888215
120096626291
120097730009
120098605919
120099671315
120100076703
120101255699
120102497943
120103948566
120104322390
120105262882
120106043199
120107928766
120108086733
120109031126
120110212853
120111735054
120112189109
120113542346
120114500412
120115578721
120116214307
120117189858
120118503414
120119591496
120120525797
120121350591
120122850320
120123718329
120124602042
120125472579
120126803311
120127223503
120128732876
120129139346
120130009349
120131374850
120132139575
120133105245
120134440046
120135871151
120136892959
120137297533
120138484865
120139025408
120140070663
120141743616
120142461412
120143075026
120144107167
120145212220
120146891396
120147722180
120148794897
120149616220
120150639438
120151132795
120152319218
120153986978
120154427525
120155093143
120156484425
120157836495
120158889194
120159837590
120160258006
120161099644
120162151692
120163851843
120164591758
120165801618
120166345443
120167611168
120168516639
120169710338
120170096218
120171968504
120172464641
120173257760
120174924611
120175033836
120176525417
120177610458
120178002417
120179536608
120180714335
120181614226
120182623136
120183772559
120184188496
120185890382
120186453235
120187066514
120188582723
120189545728
120190625529
120191774979
120192212973
120193655536
120194267127
120195196495
120196463266
120197122671
120198878447
120199622960
120200892296
120201830329
120202803145
120203793949
120204688651
120205034150
120206587039
120207165043
120208002753
120209700214
120210321223
120211986280
120212864972
120213241934
120214573229
120215998403
120216792141
120217329767
120218793319
120219638540
120220751923
120221885719
120222041155
120223523503
120224280295
120225889362
120226832688
120227982593
120228020450
120229852897
120230249556
120231802122
120232450534
120233399005
120234754939
120235969403
120236990729
120237811831
120238518128
120239567545
120240409616
120241976630
120242515839
120243418702
120244683311
120245684282
120246727457
120247685398
120248264241
120249670934
120250043266
120251475115
120252628734
120253808889
120254113739
120255529424
120256290880
120257783865
120258436872
120259306982
120260923626
120261762317
120262376844
120263206135
120264363139
120265686381
120266057448
120267034131
120268214587
120269894705
120270523579
120271488403
120272842742
120273647339
120274277002
120275074139
120276509629
120277346107
120278247055
120279487129
120280360026
120281588425
120282958675
120283856437
120284336015
120285260911
120286848933
120287691687
120288735425
120289328695
120290753121
120291980539
120292414551
120293168126
120294291048
120295977647
120296242894
120297121265
120298702515
120299866565
120300069378
120301182661
120302484045
120303643416
120304930725
120305229576
120306901776
120307167131
120308870871
120309177091
120310801966
120311922932
120312131389
120313006134
120314399587
120315892959
120316123867
120317760991
120318998734
120319746904
120320016031
120321935222
120322247485
120323603520
120324339620
120325944968
120326065411
120327452653
120328594031
120329822187
120330038559
120331899183
120332138781
120333981506
120334308147
120335053667
120336434593
120337825186
120338676512
120339960536
120340918876
120341085959
120342559527
120343189818
120344339961
120345584701
120346608095
120347347529
120348467017
120349427407
120350051040
120351770765
120352111658
120353138547
120354109408
120355296601
120356015117
120357187739
120358733318
120359745738
120360798546
120361733465
120362398357
120363157698
120364080275
120365790532
120366501364
120367676937
120368882152
120369182384
120370466553
120371144835
120372021928
120373675466
120374578304
120375207381
120376548814
120377443902
120378485781
120379411931
120380884367
120381090115
120382864435
120383336343
120384778063
120385277805
120386441230
120387291595
120388989043
120389501382
120390263637
120391164878
120392399470
120393798966
120394628386
120395577856
120396879683
120397415191
120398171267
120399199505
120400100134
120401709376
120402760543
120403127847
120404521359
120405189918
120406004772
120407432458
120408736103
120409802460
120410507041
120411524978
120412809363
120413850653
120414120240
120415235514
120416514777
120417383921
120418221699
120419016986
120420098827
120421458058
120422869505
120423281167
120424992857
120425806574
120426482602
120427523831
120428744383
120429531359
120430715803
120431882584
120432086446
120433972676
120434866714
120435048411
120436982229
120437573934
120438785014
120439928017
120440318346
120441694302
120442355839
120443489387
120444015392
120445097194
120446265437
120447530699
120448520551
120449640290
120450598294
120451510690
120452786275
120453405896
120454547727
120455423240
120456004727
120457369132
120458974083
120459796240
120460355127
120461592496
120462824684
120463979281
120464848129
120465373932
120466072672
120467442400
120468358688
120469634093
120470283742
120471426231
120472062686
120473391682
120474058098
120475398241
120476511758
120477865727
120478121217
120479061630
120480207351
120481365187
120482483571
120483987919
120484531979
120485894597
120486023801
120487390607
120488072397
120489750189
120490557538
120491655048
120492313958
120493508661
120494368002
120495811518
120496561144
120497172095
120498334780
120499759903
120500054031
120501564490
120502291422
120503794603
120504633579
120505778127
120506384557
120507823844
120508929180
120509739620
120510396019
120511864598
120512173963
120513050641
120514428687
120515396565
120516024843
120517357955
120518859515
120519419928
120520216021
120521320075
120522268638
120523689396
120524390850
120525733341
120526005152
120527646877
120528794279
120529443808
120530562050
120531024765
120532317445
120533806959
120534152160
120535003321
120536975288
120537939554
120538143282
120539075711
120540453506
120541238417
120542431005
120543877903
120544490879
120545336353
120546656524
120547868511
120548351114
120549678943
120550084527
120551058627
120552214802
120553391590
120554750289
120555195650
120556829495
120557933874
120558781089
120559745471
120560843580
120561602568
120562931907
120563529437
120564535236
120565096298
120566955135
120567367162
120568440126
120569958792
120570953758
120571160642
120572603906
120573070108
120574231279
120575342156
120576986064
120577355257
120578257937
120579528698
120580995215
120581015761
120582137891
120583250242
120584369627
120585718991
120586880131
120587642243
120588526569
120589480546
120590632905
120591058691
120592529017
120593391604
120594468920
120595352547
120596484867
120597213561
120598610392
120599155953
120600362048
120601919620
120602586938
120603292123
120604602932
120605470053
120606811454
120607097792
120608660110
120609810850
120610068210
120611280403
120612836554
120613307631
120614551662
120615239965
120616523347
120617409546
120618561654
120619137402
120620623309
120621344224
120622367314
120623552513
120624900229
120625422737
120626837157
120627960996
120628734019
120629225339
120630965151
120631377471
120632425146
120633119023
120634219554
120635910522
120636291739
120637065152
120638484926
120639639370
120640359562
120641685695
120642569939
120643152554
120644161599
120645436421
120646604681
120647396058
120648377741
120649045632
120650146380
120651663345
120652735990
120653350241
120654114734
120655421316
120656820793
120657890974
120658489841
120659603582
120660832088
120661031747
120662666460
120663079991
120664998115
120665969610
120666549424
120667943352
120668524976
120669744137
120670017271
120671528014
120672915854
120673816837
120674286544
120675261004
120676164412
120677885378
120678789139
120679450791
120680748046
120681737436
120682726729
120683644800
120684536428
120685032342
120686609652
120687816927
120688151911
120689311085
120690447360
120691766642
120692477044
120693238675
120694249718
120695374991
120696688163
120697508554
120698256221
120699809311
120700145305
120701558591
120702634655
120703949309
120704285167
120705679078
120706810522
120707577272
120708951675
120709630572
120710127551
120711298467
120712815338
120713877981
120714526014
120715142214
120716327030
120717470284
120718033288
120719154639
120720516125
120721471947
120722718112
120723359125
120724355599
120725760398
120726188846
120727346548
120728174894
120729944288
120730338056
120731592413
120732656719
120733796271
120734485698
120735922062
120736980505
120737072275
120738777474
120739930073
120740148216
120741321386
120742045740
120743422331
120744248642
120745661387
120746407335
120747701805
120748049069
120749116086
120750183489
120751230184
120752795359
120753025986
120754741635
120755919898
120756277876
120757189313
120758808486
120759621881
120760774383
120761021515
120762170210
120763760626
120764063218
120765796576
120766013074
120767457791
120768603765
120769651750
120770528864
120771821783
120772722008
120773210160
120774990914
120775806247
120776267870
120777712012
120778659043
120779907586
120780711194
120781412689
120782950339
120783761907
120784623263
120785514703
120786827877
120787002739
120788473667
120789530029
120790498572
120791480306
120792400039
120793282241
120794743727
120795782184
120796391999
120797540552
120798112349
120799339192
120800200552
120801215751
120802496800
120803916702
120804920886
120805895439
120806954467
120807532980
120808294070
120809571825
120810036607
120811107725
120812569161
120813519922
120814054214
120815518404
120816062403
120817351345
120818626690
120819098570
120820424451
120821648410
120822994587
120823939656
120824602975
120825217620
120826612471
120827131720
120828091208
120829555886
120830358315
120831215616
120832813748
120833915147
120834200278
120835572335
120836484384
120837107604
120838519393
120839871544
120840786287
120841180816
120842786457
120843971403
120844964576
120845602833
120846185449
120847191137
120848515523
120849619003
120850407246
120851797824
120852942666
120853508087
120854451290
120855401406
120856507844
120857245489
120858290687
120859781468
120860192017
120861017649
120862641291
120863972807
120864151055
120865892072
120866933874
120867306377
120868211936
120869799104
120870773056
120871923781
120872793593
120873923351
120874508293
120875661406
120876820934
120877250885
120878558797
120879584575
120880871119
120881092651
120882103604
120883522464
120884444579
120885341600
120886168595
120887656788
120888029855
120889869207
120890272515
120891511514
120892065060
120893443659
120894250498
120895780670
120896567580
120897288058
120898541999
120899944782
120900035866
120901483572
120902677386
120903583044
120904529870
120905090455
120906781112
120907461679
120908570592
120909666847
120910183946
120911547708
120912174943
120913446967
120914478200
120915337323
120916160132
120917258384
120918635915
120919901372
120920291554
120921888280
120922978047
120923890699
120924881272
120925124314
120926857672
120927979279
120928707411
120929936072
120930386977
120931873410
120932157845
120933804351
120934067593
120935642182
120936377486
120937424115
120938648783
120939507878
120940031200
120941212662
120942470504
120943502987
120944815133
120945966104
120946291142
120947769724
120948386390
120949240308
120950314542
120951909419
120952720518
120953090406
120954619357
120955958760
120956179559
120957888928
120958951730
120959790319
120960590925
120961069792
120962927043
120963209295
120964027383
120965346171
120966355321
120967151750
120968010491
120969637192
120970187872
120971843259
120972511320
120973253903
120974346979
120975029000
120976861487
120977809192
120978573429
120979890828
120980540356
120981219727
120982042686
120983747551
120984425923
120985699743
120986061931
120987573679
120988302402
120989522635
120990065225
120991521462
120992134504
120993320735
120994984251
120995434338
120996772800
120997916343
120998880002
120999141130