110000380859
110001532915
110002536568
110003972809
110004989743
110005054796
110006217652
110007282671
110008574639
110009402086
110010072687
110011127605
110012633226
110013603721
110014440107
110015003615
110016589856
110017959799
110018140081
110019268864
110020995025
110021414591
110022711705
110023545026
110024158012
110025880155
110026792961
110027607146
110028389821
110029222246
110030030534
110031051327
110032442154
110033805199
110034388769
110035635484
110036929509
110037039412
110038495241
110039760705
110040716962
110041073539
110042740562
110043320826
110044004198
110045978607
110046101524
110047216603
110048856350
110049405696
110050970007
110051743438
110052405969
110053311364
110054673772
110055897794
110056956531
110057146390
110058090626
110059913767
110060693963
110061718325
110062734746
110063997923
110064959509
110065799227
110066874228
110067895907
110068512206
110069613257
110070310532
110071860244
110072495390
110073200966
110074184482
110075724222
110076736361
110077598221
110078516383
110079067444
110080385639
110081204244
110082476181
110083943105
110084810197
110085340537
110086272516
110087100267
110088839260
110089829491
110090894226
110091965990
110092027096
110093286884
110094042347
110095149750
110096073879
110097393177
110098273827
110099807686
110100957091
110101339778
110102757448
110103940994
110104928137
110105902047
110106776721
110107866507
110108102847
110109772320
110110532967
110111459232
110112237803
110113736729
110114524768
110115983543
110116640003
110117931238
110118447165
110119474602
110120446035
110121257530
110122638810
110123251594
110124432955
110125226584
110126741295
110127577996
110128890124
110129387015
110130234146
110131121362
110132490378
110133750480
110134485194
110135287096
110136923659
110137724747
110138995359
110139644638
110140939457
110141644969
110142465023
110143074343
110144194246
110145834160
110146546887
110147220098
110148696283
110149563263
110150126015
110151154526
110152438247
110153246139
110154416921
110155300377
110156022606
110157121782
110158445541
110159093585
110160215391
110161826733
110162870132
110163131233
110164531531
110165943840
110166734701
110167845802
110168731866
110169005056
110170033726
110171253913
110172491808
110173039775
110174220569
110175235023
110176301752
110177787304
110178399986
110179177227
110180398055
110181614765
110182057727
110183878179
110184592074
110185630607
110186174106
110187367848
110188777839
110189194848
110190708751
110191420774
110192380179
110193619289
110194286731
110195267615
110196819743
110197674336
110198479936
110199579634
110200576036
110201826971
110202906373
110203762950
110204383089
110205408089
110206771552
110207620906
110208561890
110209990118
110210291816
110211240831
110212491689
110213333822
110214016474
110215805687
110216316392
110217020150
110218192275
110219672023
110220485502
110221809993
110222433304
110223969375
110224245420
110225236837
110226513603
110227491791
110228765248
110229514911
110230688111
110231941053
110232815578
110233951688
110234947215
110235560609
110236405291
110237204055
110238108920
110239510219
110240118183
110241488978
110242725711
110243829562
110244569320
110245997803
110246832189
110247160259
110248338378
110249994473
110250304041
110251714495
110252198048
110253055733
110254459138
110255465269
110256811701
110257885187
110258733387
110259379378
110260194208
110261214741
110262016959
110263009455
110264437235
110265156095
110266210314
110267904353
110268093585
110269868982
110270070530
110271566764
110272394770
110273978130
110274140329
110275336606
110276127571
110277513084
110278267949
110279704271
110280883804
110281286993
110282773165
110283371725
110284606593
110285908083
110286866388
110287338627
110288962506
110289513267
110290581993
110291969730
110292050968
110293463848
110294618414
110295610415
110296356716
110297084157
110298543727
110299167204
110300592374
110301481375
110302873639
110303082345
110304515029
110305056286
110306566763
110307203932
110308758250
110309264047
110310591734
110311160397
110312685880
110313567808
110314654763
110315305386
110316572226
110317849509
110318446492
110319002627
110320863999
110321953759
110322612079
110323497714
110324288630
110325990117
110326129839
110327964567
110328867667
110329539614
110330391353
110331155162
110332486377
110333539615
110334472810
110335497362
110336896459
110337598646
110338449093
110339250291
110340327317
110341221471
110342714130
110343245190
110344494040
110345069264
110346598745
110347081760
110348528039
110349065405
110350265475
110351258909
110352673941
110353300807
110354656233
110355135500
110356039043
110357728575
110358956436
110359260356
110360822255
110361939574
110362152166
110363093002
110364614511
110365107341
110366852096
110367217547
110368792182
110369466774
110370998523
110371556296
110372704759
110373329969
110374802099
110375788223
110376097441
110377681958
110378175197
110379743219
110380530054
110381610665
110382079295
110383392789
110384134156
110385396019
110386285600
110387033739
110388455932
110389459619
110390351128
110391963421
110392562934
110393607762
110394129800
110395670040
110396621178
110397659971
110398245118
110399721344
110400316751
110401941130
110402563654
110403634127
110404598907
110405108291
110406844497
110407358870
110408623726
110409042475
110410348675
110411581647
110412357317
110413631846
110414779117
110415651388
110416103815
110417944586
110418201503
110419886951
110420010463
110421105432
110422709244
110423083855
110424292782
110425829972
110426672095
110427291181
110428351491
110429841915
110430964748
110431563375
110432369407
110433642929
110434961847
110435717515
110436614986
110437828933
110438777116
110439089327
110440982399
110441923112
110442434987
110443035854
110444448190
110445160551
110446243649
110447413004
110448342259
110449548916
110450718471
110451359562
110452748449
110453882639
110454166281
110455928617
110456375070
110457872709
110458290923
110459164543
110460714431
110461386805
110462937975
110463039625
110464247526
110465700898
110466644812
110467348608
110468248637
110469137689
110470253157
110471997447
110472784803
110473724367
110474598432
110475521850
110476225666
110477316447
110478285650
110479935567
110480287941
110481245568
110482535481
110483975989
110484830041
110485589379
110486834043
110487048795
110488257302
110489056284
110490390019
110491549807
110492252482
110493878121
110494086547
110495602421
110496080663
110497832507
110498688975
110499468937
110500096386
110501549170
110502703834
110503342537
110504617281
110505427352
110506314589
110507741891
110508263209
110509041792
110510604782
110511633022
110512439402
110513908968
110514065866
110515200087
110516493974
110517314681
110518070947
110519742383
110520225785
110521129267
110522899657
110523895540
110524990795
110525072536
110526707421
110527115190
110528032708
110529464898
110530627251
110531017020
110532740818
110533138371
110534186473
110535938072
110536960669
110537528755
110538748881
110539569080
110540459384
110541205669
110542101291
110543993520
110544934031
110545373763
110546074025
110547403210
110548887584
110549426336
110550440042
110551288474
110552153132
110553575363
110554251174
110555869232
110556429438
110557146203
110558182911
110559458243
110560953556
110561362727
110562658179
110563176959
110564592682
110565432265
110566745102
110567249257
110568889183
110569436060
110570771258
110571892805
110572232478
110573490169
110574507237
110575113521
110576928055
110577324515
110578528941
110579030155
110580323615
110581538898
110582497134
110583843722
110584221519
110585033120
110586491888
110587270223
110588474973
110589666033
110590044724
110591870427
110592415509
110593137730
110594420703
110595618854
110596406171
110597640984
110598399132
110599064255
110600872979
110601397203
110602887164
110603606665
110604362359
110605605753
110606664634
110607725274
110608563875
110609593292
110610387733
110611420896
110612308902
110613077137
110614370899
110615050055
110616055958
110617643597
110618798409
110619703484
110620119330
110621843143
110622183162
110623052215
110624921412
110625259187
110626545192
110627763871
110628661262
110629609561
110630297283
110631835501
110632199267
110633672199
110634899272
110635608497
110636792318
110637121839
110638465410
110639505080
110640619115
110641929814
110642281719
110643737137
110644006449
110645228586
110646312439
110647958181
110648322289
110649203889
110650224767
110651891331
110652907296
110653799786
110654677220
110655328834
110656101434
110657520611
110658088742
110659707047
110660788252
110661919323
110662043715
110663384192
110664766592
110665935980
110666458352
110667471157
110668811896
110669714143
110670751946
110671279746
110672281249
110673694367
110674215621
110675528299
110676755584
110677567288
110678590790
110679258066
110680454601
110681450011
110682040539
110683543347
110684998538
110685707124
110686175699
110687265852
110688359743
110689408451
110690235272
110691723890
110692778629
110693801118
110694300384
110695718585
110696969867
110697152148
110698185898
110699546203
110700802250
110701994544
110702653578
110703464367
110704115717
110705032075
110706293792
110707292273
110708937620
110709204307
110710239242
110711847306
110712899726
110713864714
110714767617
110715341696
110716034879
110717658343
110718841644
110719575233
110720779660
110721800056
110722085703
110723011326
110724509322
110725259228
110726197713
110727106658
110728264394
110729894311
110730427420
110731900774
110732783617
110733848020
110734683487
110735198468
110736023823
110737705984
110738686100
110739950812
110740972704
110741503262
110742363494
110743509157
110744808854
110745250624
110746326925
110747657047
110748126392
110749281907
110750569219
110751671412
110752723816
110753223480
110754944574
110755225536
110756594754
110757017807
110758903135
110759064096
110760376517
110761810188
110762207835
110763163259
110764227585
110765570975
110766856577
110767986841
110768123175
110769182444
110770618308
110771175299
110772428219
110773121839
110774949050
110775719904
110776058449
110777970899
110778829262
110779789692
110780408967
110781734269
110782227919
110783180884
110784850159
110785565305
110786132695
110787831462
110788684623
110789393183
110790048725
110791218058
110792906245
110793355742
110794562043
110795488138
110796690991
110797037671
110798327398
110799671122
110800515765
110801270653
110802520287
110803720097
110804056129
110805581583
110806568411
110807927436
110808622185
110809381246
110810041526
110811176287
110812800744
110813084468
110814642847
110815043586
110816412117
110817364133
110818207273
110819691837
110820880999
110821652252
110822056356
110823881601
110824569336
110825408096
110826840807
110827723986
110828324319
110829939554
110830887607
110831763013
110832462637
110833901112
110834767011
110835738208
110836748497
110837137248
110838365208
110839628900
110840591625
110841335455
110842932874
110843123126
110844832154
110845884449
110846463695
110847843656
110848829468
110849953027
110850319457
110851978508
110852264853
110853272834
110854568327
110855458892
110856283591
110857101263
110858839842
110859440217
110860687894
110861993460
110862467233
110863838395
110864428942
110865792638
110866180620
110867033387
110868296728
110869650218
110870957724
110871935744
110872029778
110873839974
110874349899
110875198675
110876991506
110877378861
110878394765
110879580463
110880834546
110881401079
110882913792
110883982449
110884978446
110885824116
110886013273
110887285738
110888179657
110889526980
110890113812
110891349007
110892180625
110893665656
110894092707
110895173609
110896277805
110897156201
110898563966
110899759110
110900897089
110901303097
110902308990
110903677437
110904960108
110905166047
110906369791
110907857629
110908516280
110909125156
110910837913
110911815033
110912472712
110913943168
110914054855
110915647173
110916820584
110917023568
110918428340
110919934791
110920309491
110921975468
110922444425
110923845257
110924516301
110925006831
110926027787
110927540671
110928548868
110929122996
110930428112
110931333979
110932735616
110933317824
110934941245
110935218483
110936144606
110937735174
110938671303
110939401403
110940263888
110941981067
110942906683
110943466020
110944864708
110945705952
110946454109
110947506656
110948389651
110949609640
110950097977
110951625586
110952767873
110953598976
110954418030
110955318407
110956571062
110957649802
110958573446
110959355482
110960637281
110961009501
110962581177
110963587750
110964517494
110965024284
110966429411
110967724831
110968673851
110969363881
110970806677
110971084665
110972446144
110973041641
110974172469
110975349340
110976423425
110977566080
110978926595
110979852549
110980496366
110981573376
110982711978
110983450554
110984002279
110985473361
110986437443
110987062759
110988607535
110989452479
110990537527
110991024959
110992146504
110993761000
110994979199
110995273183
110996273347
110997423243
110998853697
110999112433