100000852239
100001983332
100002946967
100003491117
100004772445
100005098037
100006509229
100007998829
100008715107
100009715840
100010941551
100011958863
100012755635
100013432682
100014636619
100015127776
100016458994
100017097855
100018512289
100019846625
100020799018
100021621093
100022667631
100023339072
100024440778
100025884219
100026185679
100027281167
100028639704
100029251587
100030467267
100031673302
100032177824
100033935832
100034740445
100035552792
100036631805
100037517160
100038400352
100039651260
100040669021
100041610191
100042300398
100043997768
100044952026
100045442186
100046700123
100047781362
100048202382
100049959181
100050950255
100051749423
100052897338
100053701978
100054273416
100055298297
100056143242
100057011815
100058689849
100059641526
100060463209
100061769459
100062361360
100063992773
100064841633
100065661762
100066103506
100067841126
100068848065
100069041363
100070086368
100071562883
100072389973
100073746352
100074495500
100075105064
100076432258
100077544896
100078442338
100079415066
100080645100
100081553759
100082512895
100083386507
100084626991
100085861788
100086723633
100087218647
100088061562
100089845419
100090125707
100091452419
100092254040
100093482994
100094181481
100095095680
100096931509
100097478959
100098273790
100099087821
100100903701
100101802066
100102034948
100103573379
100104594464
100105838904
100106415392
100107485648
100108527847
100109066104
100110583679
100111879091
100112356749
100113497113
100114662907
100115728482
100116604244
100117411558
100118484771
100119134255
100120051369
100121067882
100122129402
100123455242
100124984379
100125602831
100126817451
100127533059
100128884738
100129653071
100130984121
100131312066
100132676479
100133937100
100134790954
100135178711
100136213375
100137951309
100138130378
100139344175
100140508056
100141712624
100142214594
100143724036
100144742335
100145015344
100146016708
100147362575
100148189555
100149405058
100150934222
100151422017
100152584393
100153862015
100154379037
100155908179
100156695442
100157478875
100158791246
100159467024
100160136895
100161582867
100162616315
100163044900
100164541928
100165448773
100166934023
100167817263
100168330112
100169027642
100170040457
100171477210
100172593783
100173117091
100174602359
100175120456
100176750317
100177017347
100178504162
100179153463
100180394503
100181084054
100182602463
100183409101
100184546643
100185788885
100186092573
100187744530
100188319575
100189450281
100190819076
100191121412
100192563872
100193164171
100194392962
100195510855
100196758154
100197472955
100198027766
100199466863
100200964129
100201571097
100202533464
100203208860
100204150688
100205435193
100206860517
100207362511
100208085998
100209693275
100210068611
100211872058
100212137286
100213757172
100214464158
100215007514
100216193666
100217337323
100218340031
100219281254
100220805519
100221654483
100222155533
100223816559
100224256703
100225101515
100226618867
100227056616
100228952670
100229987475
100230046935
100231472867
100232769262
100233599957
100234159945
100235755744
100236628191
100237138831
100238573355
100239446838
100240744779
100241449728
100242958083
100243647321
100244464102
100245647770
100246456756
100247568315
100248736770
100249721679
100250521401
100251501486
100252955887
100253862978
100254415018
100255463506
100256716127
100257262101
100258790639
100259825589
100260586864
100261007820
100262750540
100263423843
100264024955
100265918421
100266923148
100267372465
100268311598
100269803297
100270634127
100271733959
100272724703
100273595708
100274927843
100275663340
100276493930
100277790794
100278122698
100279036951
100280313467
100281240408
100282981476
100283946074
100284758640
100285557570
100286683002
100287715744
100288399593
100289325958
100290022872
100291305289
100292349150
100293852015
100294413670
100295446263
100296015198
100297091746
100298992143
100299668308
100300608136
100301121738
100302616360
100303622756
100304268594
100305665401
100306903872
100307521380
100308307303
100309862438
100310938883
100311359207
100312064104
100313373274
100314625178
100315409681
100316819545
100317265220
100318994359
100319289870
100320790815
100321459095
100322635429
100323182776
100324076470
100325734868
100326348671
100327975822
100328418715
100329522505
100330423751
100331043819
100332080789
100333088638
100334890700
100335217783
100336401277
100337901443
100338447393
100339709800
100340308775
100341039597
100342806063
100343288743
100344851978
100345086732
100346600667
100347880207
100348069022
100349888829
100350492698
100351864887
100352603921
100353591855
100354579100
100355286769
100356503647
100357645909
100358023985
100359850073
100360089106
100361137371
100362424904
100363789112
100364318819
100365062103
100366000206
100367538763
100368081814
100369107472
100370590404
100371550626
100372561743
100373486848
100374313020
100375842853
100376102340
100377994915
100378132085
100379116986
100380193643
100381580744
100382815522
100383845068
100384287745
100385260185
100386832903
100387664986
100388377775
100389696560
100390070996
100391059359
100392656346
100393450094
100394930543
100395072239
100396980493
100397967173
100398490025
100399149568
100400012255
100401352687
100402923544
100403724397
100404694511
100405666436
100406749807
100407751983
100408388355
100409250231
100410602336
100411898878
100412802310
100413288884
100414903631
100415770702
100416750499
100417742969
100418938006
100419029520
100420143045
100421053988
100422064803
100423867798
100424691399
100425232516
100426730011
100427848420
100428414961
100429234974
100430917270
100431123779
100432909616
100433481677
100434152609
100435726948
100436398234
100437527627
100438597000
100439664944
100440445386
100441436487
100442312971
100443143415
100444384019
100445479877
100446722432
100447840108
100448828480
100449401173
100450185583
100451337572
100452010475
100453999078
100454092161
100455903253
100456759704
100457872599
100458215682
100459728383
100460522192
100461116428
100462514205
100463360959
100464715163
100465640712
100466793520
100467102816
100468523449
100469324729
100470970690
100471816481
100472099831
100473940419
100474694853
100475944546
100476351682
100477504802
100478674416
100479731753
100480871298
100481698700
100482650322
100483847471
100484701905
100485790102
100486955080
100487690720
100488668617
100489268728
100490724808
100491856218
100492835395
100493367359
100494197506
100495811305
100496572789
100497889929
100498994097
100499844760
100500873952
100501446494
100502348867
100503783015
100504424452
100505796651
100506859230
100507401607
100508741283
100509915643
100510529823
100511762189
100512996520
100513352619
100514064776
100515130440
100516557953
100517536111
100518120112
100519245493
100520237803
100521938165
100522970578
100523545026
100524398030
100525478019
100526966368
100527955522
100528755392
100529899640
100530122985
100531392032
100532380117
100533713278
100534968734
100535120455
100536676744
100537441145
100538666201
100539365048
100540622801
100541652811
100542312767
100543943555
100544668930
100545467534
100546374941
100547417315
100548478438
100549029277
100550155792
100551528746
100552777389
100553205192
100554972023
100555777279
100556500144
100557008901
100558841987
100559568448
100560056002
100561725658
100562621056
100563308942
100564545750
100565671448
100566157764
100567123548
100568083970
100569739229
100570761513
100571965277
100572094394
100573048584
100574748111
100575653787
100576692652
100577976473
100578716383
100579439649
100580386938
100581992815
100582532860
100583947050
100584026114
100585338943
100586930093
100587849154
100588885254
100589673281
100590952880
100591092545
100592990522
100593224611
100594003506
100595781019
100596817311
100597427969
100598310719
100599195672
100600654127
100601711551
100602019202
100603967584
100604283107
100605971266
100606647321
100607903701
100608262113
100609582551
100610917156
100611748126
100612800748
100613242848
100614026063
100615564521
100616012399
100617620376
100618409544
100619928351
100620154484
100621153913
100622693092
100623129777
100624088611
100625338240
100626478838
100627353736
100628500295
100629718398
100630750851
100631591997
100632930912
100633315873
100634985728
100635620543
100636906671
100637424225
100638476193
100639071649
100640118983
100641052245
100642759028
100643546874
100644153281
100645149445
100646218889
100647036619
100648553127
100649323546
100650993279
100651927673
100652844262
100653480777
100654853071
100655037438
100656056475
100657144115
100658908841
100659584729
100660217851
100661953010
100662465602
100663669191
100664632831
100665623262
100666058635
100667347552
100668439470
100669548109
100670309903
100671492727
100672018394
100673633832
100674441931
100675019274
100676035256
100677898735
100678727391
100679155743
100680558103
100681671211
100682196626
100683117125
100684073855
100685107072
100686175458
100687167534
100688973088
100689902047
100690654914
100691690108
100692195808
100693743064
100694519856
100695899544
100696649687
100697101434
100698359322
100699668995
100700837913
100701145582
100702446721
100703650031
100704686832
100705492103
100706710671
100707272652
100708072953
100709529265
100710342754
100711683317
100712269114
100713892769
100714831134
100715538735
100716384405
100717738543
100718186904
100719101500
100720050568
100721144041
100722498431
100723194056
100724692396
100725531093
100726349749
100727246056
100728508159
100729961646
100730118116
100731913523
100732457002
100733788188
100734141130
100735053887
100736833442
100737494123
100738084846
100739089119
100740158231
100741070594
100742041919
100743987729
100744622017
100745210359
100746064064
100747146395
100748123266
100749640286
100750618792
100751312191
100752331811
100753346423
100754940268
100755914799
100756755082
100757307910
100758268064
100759068662
100760365195
100761764133
100762782119
100763916480
100764738335
100765472234
100766654986
100767039688
100768804000
100769750024
100770551041
100771463165
100772671960
100773167678
100774588273
100775785071
100776144760
100777517557
100778675121
100779623472
100780175019
100781267319
100782705033
100783725207
100784175496
100785070512
100786424510
100787249770
100788648053
100789669058
100790008009
100791559888
100792596135
100793863190
100794605952
100795241287
100796349132
100797671933
100798923748
100799890498
100800095289
100801835222
100802416131
100803237926
100804910537
100805663953
100806107725
100807565992
100808447738
100809882048
100810208856
100811438399
100812911257
100813740355
100814150159
100815424263
100816301059
100817990607
100818674870
100819192503
100820400987
100821772241
100822911352
100823240211
100824671638
100825271858
100826504047
100827947741
100828375743
100829153220
100830875747
100831793269
100832141350
100833843408
100834078514
100835302787
100836548027
100837058948
100838528824
100839964064
100840725791
100841958181
100842695130
100843833654
100844869337
100845004744
100846983254
100847361806
100848352431
100849257118
100850047823
100851720058
100852993238
100853671938
100854801290
100855059755
100856622008
100857515548
100858376817
100859597199
100860393005
100861080767
100862784351
100863097532
100864026205
100865516752
100866574940
100867921851
100868277534
100869036017
100870111032
100871046400
100872636493
100873765846
100874243539
100875105415
100876664372
100877834160
100878622251
100879241693
100880928449
100881594273
100882686005
100883677695
100884592605
100885562538
100886529631
100887637127
100888493056
100889967890
100890496255
100891980098
100892239309
100893408024
100894963232
100895241240
100896173214
100897064979
100898372527
100899957079
100900501768
100901424479
100902200600
100903498666
100904975521
100905863477
100906262651
100907875924
100908863983
100909128279
100910946947
100911499027
100912826021
100913354230
100914231737
100915077248
100916696396
100917893660
100918544487
100919235513
100920090666
100921116224
100922815180
100923382791
100924306191
100925714397
100926346206
100927791476
100928150326
100929186801
100930509642
100931790388
100932924039
100933212226
100934359156
100935327195
100936403807
100937425843
100938109361
100939334650
100940847853
100941783522
100942815658
100943783474
100944269668
100945504887
100946602435
100947438302
100948729685
100949588359
100950933874
100951959111
100952801588
100953806049
100954883964
100955726181
100956356255
100957855872
100958927727
100959631073
100960786507
100961257868
100962271908
100963062187
100964395876
100965522763
100966586067
100967128503
100968975210
100969595517
100970737009
100971433602
100972934090
100973918533
100974361248
100975991884
100976408849
100977739977
100978582515
100979593221
100980962923
100981351136
100982460323
100983979205
100984635209
100985422703
100986896327
100987653159
100988100982
100989847142
100990221884
100991890169
100992139452
100993550488
100994765576
100995287036
100996427968
100997026899
100998776477
100999468189